%YAML:1.0
# Input-output configuration
input: [848, 800]
output: [848, 800]
# Camera calibration parameter
K1: !!opencv-matrix
   rows: 3
   cols: 3
   dt: d
   data: [ 287.495788574219, 0.0, 420.074096679688,
           0.0, 287.242492675781, 399.010406494141, 
           0.0, 0.0, 1.0 ]
D1: !!opencv-matrix
   rows: 1
   cols: 4
   dt: d
   data: [-0.0107747102156281,0.0481562614440918,-0.0446160808205605,0.0081133833155036]
K2: !!opencv-matrix
   rows: 3
   cols: 3
   dt: d
   data: [ 286.810394287109, 0.0, 420.909393310547,
           0.0, 286.927307128906, 389.352996826172, 
           0.0, 0.0, 1.0 ]
D2: !!opencv-matrix
   rows: 1
   cols: 4
   dt: d
   data: [-0.0140399402007461,0.0546239614486694,-0.0512124598026276,0.0104063199833035]
R: !!opencv-matrix
   rows: 3
   cols: 3
   dt: d
   data: [0.999967,         0.00584671,       0.00569158,    
         -0.00585328,       0.999982,         0.00113946,    
         -0.00568482,      -0.00117274,       0.999983]
T: [0.0106988307088614,  7.69669568398967e-05,  -0.00013834991841577]


